1000 graphs
approximately 50/50 Cooperators/Defectors
average connectivity 4
size 2000
max 10000 generations

Removing top 5% and bottom 5%:

95% of results need < 1100 generations
Average of 271 generations

Therefore we will utilize a cap of 1100 for the number of generation per simulation

Results: (number of generations until either #cooperators = 0 or #defactors = 0, ordered decreasing)
original = [5158, 4979, 4028, 3979, 3815, 3694, 3661, 2944, 2904, 2734, 2716, 2653, 2235, 2196, 2196, 2161, 2148, 2066, 2012, 1840, 1758, 1679, 1650, 1620, 1576, 1520, 1516, 1515, 1483, 1472, 1444, 1440, 1425, 1423, 1352, 1347, 1330, 1322, 1306, 1302, 1210, 1195, 1191, 1177, 1166, 1104, 1103, 1082, 1079, 1068, 1068, 1064, 1060, 1041, 1038, 995, 970, 969, 934, 917, 903, 902, 884, 881, 878, 877, 867, 863, 862, 858, 834, 832, 826, 822, 816, 783, 780, 777, 766, 761, 761, 749, 749, 748, 742, 739, 736, 726, 715, 713, 705, 701, 692, 691, 681, 675, 674, 674, 670, 668, 667, 657, 655, 654, 650, 648, 648, 648, 646, 642, 638, 631, 627, 620, 614, 607, 603, 587, 578, 577, 574, 565, 556, 556, 550, 546, 545, 545, 541, 539, 539, 538, 538, 537, 535, 534, 533, 532, 527, 526, 525, 522, 522, 521, 521, 520, 520, 519, 518, 514, 514, 513, 511, 506, 505, 505, 499, 497, 492, 490, 490, 488, 486, 486, 485, 483, 477, 473, 472, 472, 471, 471, 470, 469, 468, 468, 468, 466, 464, 462, 462, 461, 461, 458, 457, 456, 454, 452, 450, 447, 445, 444, 441, 440, 440, 436, 433, 433, 432, 431, 429, 427, 426, 425, 425, 420, 419, 418, 415, 412, 410, 409, 406, 405, 405, 402, 401, 401, 401, 400, 397, 397, 395, 394, 393, 393, 392, 390, 389, 389, 382, 382, 382, 381, 381, 381, 381, 380, 380, 380, 380, 374, 372, 372, 372, 372, 370, 367, 366, 365, 363, 363, 360, 359, 353, 352, 351, 350, 349, 348, 348, 345, 345, 345, 344, 342, 340, 340, 339, 339, 338, 336, 335, 334, 334, 333, 333, 330, 329, 328, 328, 326, 323, 322, 321, 321, 321, 320, 320, 320, 319, 319, 318, 318, 317, 317, 317, 316, 315, 314, 313, 312, 311, 310, 309, 306, 305, 305, 304, 304, 301, 300, 300, 299, 298, 298, 297, 296, 296, 295, 295, 294, 293, 293, 292, 292, 291, 290, 290, 290, 289, 289, 289, 287, 285, 285, 284, 284, 283, 282, 282, 281, 281, 281, 281, 281, 279, 278, 278, 278, 277, 277, 276, 276, 275, 274, 274, 273, 273, 273, 273, 272, 272, 271, 271, 271, 270, 269, 269, 268, 268, 268, 267, 267, 266, 265, 265, 265, 264, 263, 262, 260, 260, 260, 259, 257, 256, 255, 255, 255, 254, 253, 253, 253, 252, 252, 252, 251, 251, 250, 247, 246, 246, 246, 246, 246, 245, 245, 245, 244, 244, 244, 242, 242, 241, 241, 241, 240, 240, 239, 239, 238, 238, 238, 237, 236, 236, 235, 235, 234, 233, 233, 232, 231, 231, 230, 230, 230, 229, 229, 229, 229, 228, 228, 227, 227, 227, 227, 225, 225, 225, 224, 224, 223, 222, 222, 222, 221, 221, 220, 220, 220, 220, 220, 219, 219, 219, 219, 219, 219, 218, 217, 217, 217, 217, 216, 216, 216, 216, 215, 215, 215, 214, 214, 214, 214, 214, 214, 213, 213, 212, 212, 212, 211, 211, 211, 210, 210, 209, 209, 209, 208, 208, 208, 207, 207, 206, 206, 205, 205, 204, 204, 204, 203, 203, 203, 203, 203, 203, 202, 202, 201, 200, 200, 199, 199, 199, 198, 198, 197, 197, 196, 196, 196, 195, 195, 195, 195, 194, 194, 194, 194, 193, 193, 192, 192, 192, 192, 192, 192, 192, 191, 191, 191, 191, 191, 190, 190, 190, 190, 190, 189, 189, 189, 189, 188, 188, 188, 188, 188, 187, 187, 185, 185, 185, 185, 185, 184, 184, 183, 183, 183, 183, 182, 181, 181, 181, 180, 180, 180, 180, 180, 179, 179, 179, 178, 178, 178, 178, 178, 178, 178, 177, 177, 177, 176, 176, 175, 175, 175, 175, 175, 174, 174, 174, 173, 173, 173, 173, 172, 172, 172, 171, 171, 171, 171, 170, 170, 169, 169, 169, 169, 169, 167, 167, 167, 167, 167, 166, 166, 166, 166, 166, 166, 165, 165, 164, 164, 164, 163, 163, 163, 162, 162, 162, 162, 161, 161, 161, 161, 161, 161, 160, 160, 160, 159, 158, 158, 158, 157, 157, 157, 156, 156, 156, 156, 155, 155, 155, 155, 155, 154, 154, 154, 154, 154, 153, 153, 153, 152, 152, 152, 152, 151, 151, 151, 150, 150, 150, 150, 150, 149, 148, 148, 147, 147, 147, 147, 145, 145, 144, 144, 143, 143, 143, 143, 143, 142, 142, 142, 142, 141, 141, 141, 141, 140, 140, 140, 140, 140, 139, 139, 138, 138, 138, 138, 137, 137, 137, 137, 137, 136, 136, 135, 134, 134, 134, 133, 133, 132, 132, 132, 132, 131, 131, 131, 130, 130, 129, 129, 129, 129, 129, 128, 128, 128, 127, 127, 127, 127, 127, 127, 126, 126, 126, 126, 126, 125, 125, 125, 125, 124, 124, 123, 123, 123, 122, 121, 121, 121, 121, 120, 120, 120, 120, 119, 119, 118, 118, 118, 118, 117, 117, 117, 117, 116, 116, 116, 116, 116, 115, 115, 115, 115, 114, 114, 114, 114, 114, 113, 113, 112, 112, 112, 112, 112, 112, 112, 112, 112, 111, 111, 111, 111, 111, 111, 110, 110, 110, 110, 109, 109, 109, 109, 108, 108, 108, 108, 108, 107, 107, 106, 106, 106, 105, 105, 105, 105, 105, 105, 105, 104, 104, 104, 104, 104, 104, 103, 103, 103, 103, 102, 102, 101, 101, 101, 100, 100, 100, 100, 100, 99, 99, 99, 99, 99, 99, 99, 98, 98, 98, 96, 96, 96, 95, 95, 95, 95, 95, 94, 94, 93, 93, 92, 92, 92, 92, 92, 92, 92, 92, 91, 91, 90, 90, 90, 90, 89, 88, 88, 88, 87, 86, 86, 86, 86, 85, 85, 85, 85, 85, 84, 84, 84, 83, 83, 82, 82, 82, 82, 81, 81, 81, 81, 81, 81, 81, 80, 80, 80, 80, 79, 79, 79, 79, 78, 77, 76, 76, 76, 75, 75, 74, 74, 73, 73, 73, 72, 72, 72, 72, 72, 71, 70, 70, 69, 69, 68, 68, 68, 67, 66, 65, 64, 63, 63, 62, 61, 60, 59, 57, 56, 55, 55, 53, 51, 51, 47, 45, 42]

Removed extremities = [1068, 1064, 1060, 1041, 1038, 995, 970, 969, 934, 917, 903, 902, 884, 881, 878, 877, 867, 863, 862, 858, 834, 832, 826, 822, 816, 783, 780, 777, 766, 761, 761, 749, 749, 748, 742, 739, 736, 726, 715, 713, 705, 701, 692, 691, 681, 675, 674, 674, 670, 668, 667, 657, 655, 654, 650, 648, 648, 648, 646, 642, 638, 631, 627, 620, 614, 607, 603, 587, 578, 577, 574, 565, 556, 556, 550, 546, 545, 545, 541, 539, 539, 538, 538, 537, 535, 534, 533, 532, 527, 526, 525, 522, 522, 521, 521, 520, 520, 519, 518, 514, 514, 513, 511, 506, 505, 505, 499, 497, 492, 490, 490, 488, 486, 486, 485, 483, 477, 473, 472, 472, 471, 471, 470, 469, 468, 468, 468, 466, 464, 462, 462, 461, 461, 458, 457, 456, 454, 452, 450, 447, 445, 444, 441, 440, 440, 436, 433, 433, 432, 431, 429, 427, 426, 425, 425, 420, 419, 418, 415, 412, 410, 409, 406, 405, 405, 402, 401, 401, 401, 400, 397, 397, 395, 394, 393, 393, 392, 390, 389, 389, 382, 382, 382, 381, 381, 381, 381, 380, 380, 380, 380, 374, 372, 372, 372, 372, 370, 367, 366, 365, 363, 363, 360, 359, 353, 352, 351, 350, 349, 348, 348, 345, 345, 345, 344, 342, 340, 340, 339, 339, 338, 336, 335, 334, 334, 333, 333, 330, 329, 328, 328, 326, 323, 322, 321, 321, 321, 320, 320, 320, 319, 319, 318, 318, 317, 317, 317, 316, 315, 314, 313, 312, 311, 310, 309, 306, 305, 305, 304, 304, 301, 300, 300, 299, 298, 298, 297, 296, 296, 295, 295, 294, 293, 293, 292, 292, 291, 290, 290, 290, 289, 289, 289, 287, 285, 285, 284, 284, 283, 282, 282, 281, 281, 281, 281, 281, 279, 278, 278, 278, 277, 277, 276, 276, 275, 274, 274, 273, 273, 273, 273, 272, 272, 271, 271, 271, 270, 269, 269, 268, 268, 268, 267, 267, 266, 265, 265, 265, 264, 263, 262, 260, 260, 260, 259, 257, 256, 255, 255, 255, 254, 253, 253, 253, 252, 252, 252, 251, 251, 250, 247, 246, 246, 246, 246, 246, 245, 245, 245, 244, 244, 244, 242, 242, 241, 241, 241, 240, 240, 239, 239, 238, 238, 238, 237, 236, 236, 235, 235, 234, 233, 233, 232, 231, 231, 230, 230, 230, 229, 229, 229, 229, 228, 228, 227, 227, 227, 227, 225, 225, 225, 224, 224, 223, 222, 222, 222, 221, 221, 220, 220, 220, 220, 220, 219, 219, 219, 219, 219, 219, 218, 217, 217, 217, 217, 216, 216, 216, 216, 215, 215, 215, 214, 214, 214, 214, 214, 214, 213, 213, 212, 212, 212, 211, 211, 211, 210, 210, 209, 209, 209, 208, 208, 208, 207, 207, 206, 206, 205, 205, 204, 204, 204, 203, 203, 203, 203, 203, 203, 202, 202, 201, 200, 200, 199, 199, 199, 198, 198, 197, 197, 196, 196, 196, 195, 195, 195, 195, 194, 194, 194, 194, 193, 193, 192, 192, 192, 192, 192, 192, 192, 191, 191, 191, 191, 191, 190, 190, 190, 190, 190, 189, 189, 189, 189, 188, 188, 188, 188, 188, 187, 187, 185, 185, 185, 185, 185, 184, 184, 183, 183, 183, 183, 182, 181, 181, 181, 180, 180, 180, 180, 180, 179, 179, 179, 178, 178, 178, 178, 178, 178, 178, 177, 177, 177, 176, 176, 175, 175, 175, 175, 175, 174, 174, 174, 173, 173, 173, 173, 172, 172, 172, 171, 171, 171, 171, 170, 170, 169, 169, 169, 169, 169, 167, 167, 167, 167, 167, 166, 166, 166, 166, 166, 166, 165, 165, 164, 164, 164, 163, 163, 163, 162, 162, 162, 162, 161, 161, 161, 161, 161, 161, 160, 160, 160, 159, 158, 158, 158, 157, 157, 157, 156, 156, 156, 156, 155, 155, 155, 155, 155, 154, 154, 154, 154, 154, 153, 153, 153, 152, 152, 152, 152, 151, 151, 151, 150, 150, 150, 150, 150, 149, 148, 148, 147, 147, 147, 147, 145, 145, 144, 144, 143, 143, 143, 143, 143, 142, 142, 142, 142, 141, 141, 141, 141, 140, 140, 140, 140, 140, 139, 139, 138, 138, 138, 138, 137, 137, 137, 137, 137, 136, 136, 135, 134, 134, 134, 133, 133, 132, 132, 132, 132, 131, 131, 131, 130, 130, 129, 129, 129, 129, 129, 128, 128, 128, 127, 127, 127, 127, 127, 127, 126, 126, 126, 126, 126, 125, 125, 125, 125, 124, 124, 123, 123, 123, 122, 121, 121, 121, 121, 120, 120, 120, 120, 119, 119, 118, 118, 118, 118, 117, 117, 117, 117, 116, 116, 116, 116, 116, 115, 115, 115, 115, 114, 114, 114, 114, 114, 113, 113, 112, 112, 112, 112, 112, 112, 112, 112, 112, 111, 111, 111, 111, 111, 111, 110, 110, 110, 110, 109, 109, 109, 109, 108, 108, 108, 108, 108, 107, 107, 106, 106, 106, 105, 105, 105, 105, 105, 105, 105, 104, 104, 104, 104, 104, 104, 103, 103, 103, 103, 102, 102, 101, 101, 101, 100, 100, 100, 100, 100, 99, 99, 99, 99, 99, 99, 99, 98, 98, 98, 96, 96, 96, 95, 95, 95, 95, 95, 94, 94, 93, 93, 92, 92, 92, 92, 92, 92, 92, 92, 91, 91, 90, 90, 90, 90, 89, 88, 88, 88, 87, 86, 86, 86, 86, 85, 85, 85, 85, 85, 84, 84, 84, 83, 83, 82, 82, 82, 82, 81, 81, 81, 81, 81, 81, 81, 80, 80, 80]